start_index = 834009, similar points = 117, max mean profit = 0.17803159564820584
mean tsl profits:
[-6.61886095e-02 -5.65697246e-02 -6.88392278e-02 -6.53036359e-02
 -7.09554982e-02 -6.77644438e-02 -6.14394311e-02 -5.23880516e-02
 -4.98045637e-02 -4.26138011e-02 -3.25970273e-02 -2.65692575e-02
 -1.65528834e-02 -1.39876338e-02 -1.20817729e-02 -6.06379254e-03
 -7.86460375e-03 -3.22972822e-03  1.32200857e-03  5.69060843e-03
 -4.91323934e-03  1.18583118e-03 -6.99716384e-03  1.24379723e-04
  1.74277330e-03  1.34843987e-04  1.87374052e-03  2.05939859e-03
  8.44090414e-03  9.13591469e-03  5.85021424e-02  6.20716870e-02
  6.23047461e-02  6.05905138e-02  5.83542751e-02  5.41608977e-02
  5.15790402e-02  4.95439318e-02  4.87443585e-02  4.73545791e-02
  4.04080410e-02  4.16386848e-02  5.12678150e-02  9.30738585e-02
  9.66592585e-02  9.60498942e-02  1.14101411e-01  1.06340641e-01
  1.04034225e-01  9.54329620e-02  8.80301971e-02  9.78452703e-02
  8.78769850e-02  8.25185645e-02  1.42986130e-01  1.34608887e-01
  1.55130394e-01  1.49853581e-01  1.58331039e-01  1.78031596e-01]
start_index = 729628, similar points = 132, max mean profit = 0.046368530656320246
mean tsl profits:
[-0.02443983 -0.01441219 -0.00918111 -0.0128303  -0.00551965 -0.00172199
  0.00270035  0.01272468  0.00913932  0.01800059  0.01849162  0.02600215
  0.03394168  0.03907005  0.04636853  0.04438921  0.04489202  0.04279118
  0.02092895  0.01890254  0.02436361  0.01359065  0.01567584  0.02328681
  0.02198845  0.01188149  0.00226088  0.0092507   0.00508437  0.00537845
  0.00744705  0.00835652  0.00432461 -0.00094643 -0.0011776   0.00028307
  0.00355342  0.00665891  0.01545056  0.01217729  0.02225554  0.02156586
  0.01963947  0.01631835  0.01916025  0.00917714  0.00023906  0.0058106
  0.00455384  0.00014098 -0.00717012  0.00731908 -0.00176827 -0.0117455
  0.00422729  0.00135868  0.03093347  0.02096348  0.01390242  0.01254317]
start_index = 685799, similar points = 164, max mean profit = 0.0381997770404552
mean tsl profits:
[-0.05134266 -0.04131772 -0.03189688 -0.03001479 -0.02248852 -0.01792187
 -0.00973499 -0.00500598  0.00312886  0.00766768  0.01001369  0.01921677
  0.02805431  0.03383419  0.03509843  0.03585441  0.03195743  0.03819978
  0.02273251  0.02041165  0.02451605  0.01433807  0.01678713  0.02353809
  0.02202961  0.01748879  0.00333097  0.0073348   0.00949729  0.01039766
  0.00762403  0.0076765   0.0024485  -0.00253    -0.00410268 -0.00695297
 -0.00387014 -0.00880313  0.00179974  0.00515375  0.00497513  0.01097468
  0.00910183  0.01838505  0.01827023  0.00860373  0.01887339  0.02821536
  0.02048294  0.01180182  0.00585327  0.0052332  -0.00156643 -0.00256074
  0.00378935  0.00893281  0.02347113  0.02009623  0.01452361  0.02698783]